503078280556090933908302744261764055181455082722533868102862898866982624703361602408005095553892441018011690036344444444
857133994148443517589330022729019505813181889946208689466488202311478694432124936124645202018981962436118614898270032222
386880182189437478242696286837675049111488322235701995262947161689041185526925820721484804460068591470065956290555555555
548834308476322224604542920342145946709337889990511202906717061869899393520953281035355227364028792542000987607797317015
342706588103800574472534258506062071433351014284494480725927920257314806348549814474222165852976429485923315570869666666
402680647280983491445053749650173671807795607492430083643706998419434107573705131961220756224133136162657384743625593264
593244545907369303937127056669907404933298106369047059860989239409839679881433419165275873658406095478095834444723395656
265816213673165423557457602125413899531577470753508650104106282987154947989592943765196560999250974714672332873480828961
142896803231266246989410036041421042413160052997357160848997201574002729046521620051234039903905159481207860224000000000
949933505825885989496744254072398384671542366632777359266163819434780333013875756228052649431032768494170682129720005175
