7252868549514268667122577969362262805121534466710919710151980966859768367247758007387973447690489645
5150173578852313018500796211194083503089113731063828092769584026796688107705631870716275791439267452
3646613023459989557152447517475831069753131611007875758405285325699628324515655158230608061931910176
6190269228153564613450477102847050478632842538253869520191150731357630449868000337544406511968542277
3352182474237656945340226853716333367670831906439924525530975750086706615746810937526245767493145577
4335849576546648166616698815139570608103848126996451324416193124945295411450554200450449222871351095
1935755488575250028934780917030487844300188178091783171497115828968182852937095944756076980416364484
9643161700204596260761078566974186828331026948288912819350009795570980792500647774688651725049702405
2110953178638614609087015173522068339808207471713040751662268191639566631666204042221820023191480401
4790891773409701770874881145278915022017195290231653093363997544105617437544031053088715979715390263
