91460765592105212561677296192179981611118495981768852866077416473941722144297304
92221858220528134639045211034429659768529034768278699315202845317166140401065103
87221569816197477042728602229620845279065154425240350235331798306166611356364069
54014580632342144137044986541531047367520036084560426301607794092288009469344905
49196915085931244715181347036468406635964911899963636623757042012130890879231411
20572929136109073789643131654912775944963628869594991746306695374871602935087255
94362515966284171890172485355560545733861320159980035883209470905493110320646089
44637449411061523543652125739829845865963607597435939572750126990706115343447813
33619805071218655862777197435722235519792084865247616742679054806331848252461415
65675044564039918305372903053120386230278753121789372388452971848261849505212157
