803436380458610090818966982431434200359639453235225449283358
308413720195336005537296078853453531991065699977935895779909
989255102371349155785687068183887121780829736533898116933538
245262189432602826745980270157553629967070058650622821632001
970582677392950506407184366031370668180823852641885907213694
520847593963045120122387751575633463292658516554748673664133
198913734364043231791590019090580116923385392672759479271299
252896400641098431084883397974501832383468520067604891422624
464846849896992577172359429812702073438951451885267184928369
718345075372818633685297060973959399723534157800699247565487
